
Seskupování hodnot podle závodů a skladů - masky

Sobota, 29. dubna 2017 19:28:11

ZAVOD SKLAD      SOUCET      PRUMER         MIN     MAXIMUM 
01    01    -0030841,790      -10280      -45500       14199 
01    02    0019793,750        6597          23       19500 
01    03    0000001,250           1           1           1 
01    -     -0011046,790       -1578      -45500       19500 
02    01    0003661,100        1220          21        3400 
02    02    0007930,000        1982         112        7000 
02    -     0011591,100        1655          21        7000 
-     -     0000544,300          38      -45500       19500 
