
Standardní hlavičky

Pondělí, 1. května 2017 16:30:57

ZAVOD SKLAD      Součet      Průměr         MIN     MAXIMUM 
01    01      -30841,79      -10280      -45500       14199 
01    02       19793,75        6597          23       19500 
01    03           1,25           1           1           1 
01    -       -11046,79       -1578      -45500       19500 
02    01        3661,10        1220          21        3400 
02    02        7930,00        1982         112        7000 
02    -        11591,10        1655          21        7000 
-     -          544,30          38      -45500       19500 
