
Sumarizace zboží (CENY4) podle skladů a závodů - UTF-8

Pondělí, 8. května 2017 19:55:39

  §§§ Závod 4x:    01, 01, 01, 01.              §§§ 
  §§§ Název zboží: Koňak Gruzínský                                ,  Sklad: 01. §§§ 
 
      Č.zboží         Cena/j.     Množství     Cena celkem  
      =======         =======     ========     ===========  
                                                            
      00010             6 500           -7         -45 500  
      00002               459            1             459  
      00001              8,99     1 579,44        14 199,2  

   .Sklad -----01--01------ 
  SUM                             1 573,44       -30 841,8  
  AVG                               524,48       -10 280,6  
  MAX 00010                       1 579,44        14 199,2  
  MIN 00001                             -7         -45 500  
COUNT 3                                  3               3  

      00010             6 500            3          19 500  
      00009               250         1,08             270  
      00003              1,25           19           23,75  

   .Sklad -----01--02------ 
  SUM                                23,08       19 793,75  
  AVG                                 7,69        6 597,92  
  MAX 00010                             19          19 500  
  MIN 00003                           1,08           23,75  
COUNT 3                                  3               3  

      00003              1,25            1            1,25  

   .Sklad -----01--03------ 
  SUM                                    1            1,25  
  AVG                                    1            1,25  
  MAX 00003                              1            1,25  
  MIN 00003                              1            1,25  
COUNT 1                                  1               1  

   .Závod =====01========== 
  SUM                             1 597,52       -11 046,8  
  AVG                               228,22       -1 578,11  
  MAX 00010                       1 579,44          19 500  
  MIN 00001                             -7         -45 500  
COUNT 7                                  7               7  

      00008             1 700            2           3 400  
      00006             10,55            2            21,1  
      00005               120            2             240  

   .Sklad -----02--01------ 
  SUM                                    6         3 661,1  
  AVG                                    2        1 220,37  
  MAX 00008                              2           3 400  
  MIN 00005                              2            21,1  
COUNT 3                                  3               3  

      00018                56            2             112  
      00014             3 500            2           7 000  
      00011               159            2             318  
      00009               250            2             500  

   .Sklad -----02--02------ 
  SUM                                    8           7 930  
  AVG                                    2         1 982,5  
  MAX 00018                              2           7 000  
  MIN 00009                              2             112  
COUNT 4                                  4               4  

   .Závod =====02========== 
  SUM                                   14        11 591,1  
  AVG                                    2        1 655,87  
  MAX 00018                              2           7 000  
  MIN 00005                              2            21,1  
COUNT 7                                  7               7  

   .Celkem ****************
  SUM                             1 611,52           544,3  
  AVG                               115,11           38,88  
  MAX 00018                       1 579,44          19 500  
  MIN 00001                             -7         -45 500  
COUNT 14                                14              14  
