
Dotaz01

Neděle, 18. října 2015 16:38:40

ZAVOD SKLAD CZBOZI    MNOZSTVI       CENAJ 

01    01    00001       989,22        8,99 
01    01    00002     50000,00      459,00 
01    01    00010        13,00     6500,00 
01    02    00003       509,00        1,25 
01    02    00009        18,00      250,00 
01    02    00010        16,00     6500,00 
01    03    00003       500,00        1,25 
02    01    00005         5,00      120,00 
02    01    00006         5,00       10,55 
02    01    00008         5,00     1700,00 
02    02    00009        15,00      250,00 
02    02    00011        15,00      159,00 
02    02    00014        15,00     3500,00 
02    02    00018         5,00       56,00 
