
Cena dodávky podle objednávek, dodavatelů a zboží

Pondělí, 1. května 2017 16:31:07

COBJ   CDOD   NAZZBO                               00004       00005 
000001 000006 Panenka Barbie pravá                548,00      548,00 
000001        Panenka hadrová                    2220,00     2220,00 
000001        Panenka umělohmotná                2664,00     2664,00 
000001                                           5432,00     1810,66 

000001                                           5432,00     1810,66 

000002 000003 Jogurt bílý plnotučný             17070,00    17070,00 
000002        Mléko pasteurisované tučné        23920,00    23920,00 
000002                                          40990,00    20495,00 

000002                                          40990,00    20495,00 

000003 000002 Kočárek dětský pevný               2600,00     2600,00 
000003        Kočárek lehký (golfáče)            5200,00     5200,00 
000003                                           7800,00     3900,00 

000003                                           7800,00     3900,00 

000005 000004 Mléko odstředěné částečně          1892,00     1892,00 
000005        Mléko odstředěné úplně             4460,00     4460,00 
000005        Mléko skoro neodstředěné           5460,00     5460,00 
000005                                          11812,00     3937,33 

000005                                          11812,00     3937,33 

000006 000004 Mléko odstředěné úplně            53520,00    53520,00 
000006        Mléko skoro neodstředěné          54600,00    54600,00 
000006                                         108120,00    54060,00 

000006                                         108120,00    54060,00 

                                               174154,00    14512,83 
