
Výstup několika stránek s širokými řádky k testování tisku na papír

Pondělí, 1. května 2017 9:47:07

     | Závod 01, Množství 1579,444 | 
Závod Sklad       Poř.číslo       Množství 
                                 na skladě 
===== =====   ============= ============== 
                                           
01    01      0000000000001        1579,44 
01    01      0000000000002        1579,44 
01    01      0000000000003        1579,44 
01    01      0000000000004        1579,44 
01    01      0000000000005        1579,44 
01    01      0000000000006        1579,44 
01    01      0000000000007        1579,44 
01    01      0000000000008        1579,44 
01    01      0000000000009        1579,44 
01    01      0000000000010        1579,44 
01    01      0000000000011        1579,44 
01    01      0000000000012        1579,44 
01    01      0000000000013        1579,44 
01    01      0000000000014        1579,44 
01    01      0000000000015        1579,44 
01    01      0000000000016        1579,44 
01    01      0000000000017        1579,44 
01    01      0000000000018        1579,44 
01    01      0000000000019        1579,44 
01    01      0000000000020        1579,44 
01    01      0000000000021        1579,44 
01    01      0000000000022        1579,44 
01    01      0000000000023        1579,44 
01    01      0000000000024        1579,44 
01    01      0000000000025        1579,44 
01    01      0000000000026        1579,44 
01    01      0000000000027        1579,44 
01    01      0000000000028        1579,44 
01    01      0000000000029        1579,44 
01    01      0000000000030        1579,44 
01    01      0000000000031        1579,44 
01    01      0000000000032        1579,44 
01    01      0000000000033        1579,44 
01    01      0000000000034        1579,44 
01    01      0000000000035        1579,44 
01    01      0000000000036        1579,44 
01    01      0000000000037        1579,44 
01    01      0000000000038        1579,44 
01    01      0000000000039        1579,44 
01    01      0000000000040        1579,44 
01    01      0000000000041        1579,44 
01    01      0000000000042        1579,44 
01    01      0000000000043        1579,44 
01    01      0000000000044        1579,44 
01    01      0000000000045        1579,44 
01    01      0000000000046        1579,44 
01    01      0000000000047        1579,44 
01    01      0000000000048        1579,44 
01    01      0000000000049        1579,44 
01    01      0000000000050        1579,44 
01    01      0000000000051        1579,44 
01    01      0000000000052        1579,44 
01    01      0000000000053        1579,44 
01    01      0000000000054        1579,44 
01    01      0000000000055        1579,44 
01    01      0000000000056        1579,44 
01    01      0000000000057        1579,44 
01    01      0000000000058        1579,44 
01    01      0000000000059        1579,44 
01    01      0000000000060        1579,44 
01    01      0000000000061        1579,44 
01    01      0000000000062        1579,44 
01    01      0000000000063        1579,44 
01    01      0000000000064        1579,44 
01    01      0000000000065        1579,44 
01    01      0000000000066        1579,44 
01    01      0000000000067        1579,44 
01    01      0000000000068        1579,44 
01    01      0000000000069        1579,44 
01    01      0000000000070        1579,44 
01    01      0000000000071        1579,44 
01    01      0000000000072        1579,44 
01    01      0000000000073        1579,44 
01    01      0000000000074        1579,44 
01    01      0000000000075        1579,44 
01    01      0000000000076        1579,44 
01    01      0000000000077        1579,44 
01    01      0000000000078        1579,44 
01    01      0000000000079        1579,44 
01    01      0000000000080        1579,44 
01    01      0000000000081        1579,44 
01    01      0000000000082        1579,44 
01    01      0000000000083        1579,44 
01    01      0000000000084        1579,44 
01    01      0000000000085        1579,44 
01    01      0000000000086        1579,44 
01    01      0000000000087        1579,44 
01    01      0000000000088        1579,44 
01    01      0000000000089        1579,44 
01    01      0000000000090        1579,44 
01    01      0000000000091        1579,44 
01    01      0000000000092        1579,44 
01    01      0000000000093        1579,44 
01    01      0000000000094        1579,44 
01    01      0000000000095        1579,44 
01    01      0000000000096        1579,44 
01    01      0000000000097        1579,44 
01    01      0000000000098        1579,44 
01    01      0000000000099        1579,44 
01    01      0000000000100        1579,44 
01    01      0000000000101           1,00 
01    01      0000000000102           1,00 
01    01      0000000000103           1,00 
01    01      0000000000104           1,00 
01    01      0000000000105           1,00 
01    01      0000000000106           1,00 
01    01      0000000000107           1,00 
01    01      0000000000108           1,00 
01    01      0000000000109           1,00 
01    01      0000000000110           1,00 
01    01      0000000000111           1,00 
01    01      0000000000112           1,00 
01    01      0000000000113           1,00 
01    01      0000000000114           1,00 
01    01      0000000000115           1,00 
01    01      0000000000116           1,00 
01    01      0000000000117           1,00 
01    01      0000000000118           1,00 
01    01      0000000000119           1,00 
01    01      0000000000120           1,00 
01    01      0000000000121           1,00 
01    01      0000000000122           1,00 
01    01      0000000000123           1,00 
01    01      0000000000124           1,00 
01    01      0000000000125           1,00 
01    01      0000000000126           1,00 
01    01      0000000000127           1,00 
01    01      0000000000128           1,00 
01    01      0000000000129           1,00 
01    01      0000000000130           1,00 
01    01      0000000000131           1,00 
01    01      0000000000132           1,00 
01    01      0000000000133           1,00 
01    01      0000000000134           1,00 
01    01      0000000000135           1,00 
01    01      0000000000136           1,00 
01    01      0000000000137           1,00 
01    01      0000000000138           1,00 
01    01      0000000000139           1,00 
01    01      0000000000140           1,00 
01    01      0000000000141           1,00 
01    01      0000000000142           1,00 
01    01      0000000000143           1,00 
01    01      0000000000144           1,00 
01    01      0000000000145           1,00 
01    01      0000000000146           1,00 
01    01      0000000000147           1,00 
01    01      0000000000148           1,00 
01    01      0000000000149           1,00 
01    01      0000000000150           1,00 
01    01      0000000000151           1,00 
01    01      0000000000152           1,00 
01    01      0000000000153           1,00 
01    01      0000000000154           1,00 
01    01      0000000000155           1,00 
01    01      0000000000156           1,00 
01    01      0000000000157           1,00 
01    01      0000000000158           1,00 
01    01      0000000000159           1,00 
01    01      0000000000160           1,00 
01    01      0000000000161           1,00 
01    01      0000000000162           1,00 
01    01      0000000000163           1,00 
01    01      0000000000164           1,00 
01    01      0000000000165           1,00 
01    01      0000000000166           1,00 
01    01      0000000000167           1,00 
01    01      0000000000168           1,00 
01    01      0000000000169           1,00 
01    01      0000000000170           1,00 
01    01      0000000000171           1,00 
01    01      0000000000172           1,00 
01    01      0000000000173           1,00 
01    01      0000000000174           1,00 
01    01      0000000000175           1,00 
01    01      0000000000176           1,00 
01    01      0000000000177           1,00 
01    01      0000000000178           1,00 
01    01      0000000000179           1,00 
01    01      0000000000180           1,00 
01    01      0000000000181           1,00 
01    01      0000000000182           1,00 
01    01      0000000000183           1,00 
01    01      0000000000184           1,00 
01    01      0000000000185           1,00 
01    01      0000000000186           1,00 
01    01      0000000000187           1,00 
01    01      0000000000188           1,00 
01    01      0000000000189           1,00 
01    01      0000000000190           1,00 
01    01      0000000000191           1,00 
01    01      0000000000192           1,00 
01    01      0000000000193           1,00 
01    01      0000000000194           1,00 
01    01      0000000000195           1,00 
01    01      0000000000196           1,00 
01    01      0000000000197           1,00 
01    01      0000000000198           1,00 
01    01      0000000000199           1,00 
01    01      0000000000200           1,00 
01    01      0000000000201          -7,00 
01    01      0000000000202          -7,00 
01    01      0000000000203          -7,00 
01    01      0000000000204          -7,00 
01    01      0000000000205          -7,00 
01    01      0000000000206          -7,00 
01    01      0000000000207          -7,00 
01    01      0000000000208          -7,00 
01    01      0000000000209          -7,00 
01    01      0000000000210          -7,00 
01    01      0000000000211          -7,00 
01    01      0000000000212          -7,00 
01    01      0000000000213          -7,00 
01    01      0000000000214          -7,00 
01    01      0000000000215          -7,00 
01    01      0000000000216          -7,00 
01    01      0000000000217          -7,00 
01    01      0000000000218          -7,00 
01    01      0000000000219          -7,00 
01    01      0000000000220          -7,00 
01    01      0000000000221          -7,00 
01    01      0000000000222          -7,00 
01    01      0000000000223          -7,00 
01    01      0000000000224          -7,00 
01    01      0000000000225          -7,00 
01    01      0000000000226          -7,00 
01    01      0000000000227          -7,00 
01    01      0000000000228          -7,00 
01    01      0000000000229          -7,00 
01    01      0000000000230          -7,00 
01    01      0000000000231          -7,00 
01    01      0000000000232          -7,00 
01    01      0000000000233          -7,00 
01    01      0000000000234          -7,00 
01    01      0000000000235          -7,00 
01    01      0000000000236          -7,00 
01    01      0000000000237          -7,00 
01    01      0000000000238          -7,00 
01    01      0000000000239          -7,00 
01    01      0000000000240          -7,00 
01    01      0000000000241          -7,00 
01    01      0000000000242          -7,00 
01    01      0000000000243          -7,00 
01    01      0000000000244          -7,00 
01    01      0000000000245          -7,00 
01    01      0000000000246          -7,00 
01    01      0000000000247          -7,00 
01    01      0000000000248          -7,00 
01    01      0000000000249          -7,00 
01    01      0000000000250          -7,00 
01    01      0000000000251          -7,00 
01    01      0000000000252          -7,00 
01    01      0000000000253          -7,00 
01    01      0000000000254          -7,00 
01    01      0000000000255          -7,00 
01    01      0000000000256          -7,00 
01    01      0000000000257          -7,00 
01    01      0000000000258          -7,00 
01    01      0000000000259          -7,00 
01    01      0000000000260          -7,00 
01    01      0000000000261          -7,00 
01    01      0000000000262          -7,00 
01    01      0000000000263          -7,00 
01    01      0000000000264          -7,00 
01    01      0000000000265          -7,00 
01    01      0000000000266          -7,00 
01    01      0000000000267          -7,00 
01    01      0000000000268          -7,00 
01    01      0000000000269          -7,00 
01    01      0000000000270          -7,00 
01    01      0000000000271          -7,00 
01    01      0000000000272          -7,00 
01    01      0000000000273          -7,00 
01    01      0000000000274          -7,00 
01    01      0000000000275          -7,00 
01    01      0000000000276          -7,00 
01    01      0000000000277          -7,00 
01    01      0000000000278          -7,00 
01    01      0000000000279          -7,00 
01    01      0000000000280          -7,00 
01    01      0000000000281          -7,00 
01    01      0000000000282          -7,00 
01    01      0000000000283          -7,00 
01    01      0000000000284          -7,00 
01    01      0000000000285          -7,00 
01    01      0000000000286          -7,00 
01    01      0000000000287          -7,00 
01    01      0000000000288          -7,00 
01    01      0000000000289          -7,00 
01    01      0000000000290          -7,00 
01    01      0000000000291          -7,00 
01    01      0000000000292          -7,00 
01    01      0000000000293          -7,00 
01    01      0000000000294          -7,00 
01    01      0000000000295          -7,00 
01    01      0000000000296          -7,00 
01    01      0000000000297          -7,00 
01    01      0000000000298          -7,00 
01    01      0000000000299          -7,00 
01    01      0000000000300          -7,00 
01    02      0000000000301          19,00 
01    02      0000000000302          19,00 
01    02      0000000000303          19,00 
01    02      0000000000304          19,00 
01    02      0000000000305          19,00 
01    02      0000000000306          19,00 
01    02      0000000000307          19,00 
01    02      0000000000308          19,00 
01    02      0000000000309          19,00 
01    02      0000000000310          19,00 
01    02      0000000000311          19,00 
01    02      0000000000312          19,00 
01    02      0000000000313          19,00 
01    02      0000000000314          19,00 
01    02      0000000000315          19,00 
01    02      0000000000316          19,00 
01    02      0000000000317          19,00 
01    02      0000000000318          19,00 
01    02      0000000000319          19,00 
01    02      0000000000320          19,00 
01    02      0000000000321          19,00 
01    02      0000000000322          19,00 
01    02      0000000000323          19,00 
01    02      0000000000324          19,00 
01    02      0000000000325          19,00 
01    02      0000000000326          19,00 
01    02      0000000000327          19,00 
01    02      0000000000328          19,00 
01    02      0000000000329          19,00 
01    02      0000000000330          19,00 
01    02      0000000000331          19,00 
01    02      0000000000332          19,00 
01    02      0000000000333          19,00 
01    02      0000000000334          19,00 
01    02      0000000000335          19,00 
01    02      0000000000336          19,00 
01    02      0000000000337          19,00 
01    02      0000000000338          19,00 
01    02      0000000000339          19,00 
01    02      0000000000340          19,00 
01    02      0000000000341          19,00 
01    02      0000000000342          19,00 
01    02      0000000000343          19,00 
01    02      0000000000344          19,00 
01    02      0000000000345          19,00 
01    02      0000000000346          19,00 
01    02      0000000000347          19,00 
01    02      0000000000348          19,00 
01    02      0000000000349          19,00 
01    02      0000000000350          19,00 
01    02      0000000000351          19,00 
01    02      0000000000352          19,00 
01    02      0000000000353          19,00 
01    02      0000000000354          19,00 
01    02      0000000000355          19,00 
01    02      0000000000356          19,00 
01    02      0000000000357          19,00 
01    02      0000000000358          19,00 
01    02      0000000000359          19,00 
01    02      0000000000360          19,00 
01    02      0000000000361          19,00 
01    02      0000000000362          19,00 
01    02      0000000000363          19,00 
01    02      0000000000364          19,00 
01    02      0000000000365          19,00 
01    02      0000000000366          19,00 
01    02      0000000000367          19,00 
01    02      0000000000368          19,00 
01    02      0000000000369          19,00 
01    02      0000000000370          19,00 
01    02      0000000000371          19,00 
01    02      0000000000372          19,00 
01    02      0000000000373          19,00 
01    02      0000000000374          19,00 
01    02      0000000000375          19,00 
01    02      0000000000376          19,00 
01    02      0000000000377          19,00 
01    02      0000000000378          19,00 
01    02      0000000000379          19,00 
01    02      0000000000380          19,00 
01    02      0000000000381          19,00 
01    02      0000000000382          19,00 
01    02      0000000000383          19,00 
01    02      0000000000384          19,00 
01    02      0000000000385          19,00 
01    02      0000000000386          19,00 
01    02      0000000000387          19,00 
01    02      0000000000388          19,00 
01    02      0000000000389          19,00 
01    02      0000000000390          19,00 
01    02      0000000000391          19,00 
01    02      0000000000392          19,00 
01    02      0000000000393          19,00 
01    02      0000000000394          19,00 
01    02      0000000000395          19,00 
01    02      0000000000396          19,00 
01    02      0000000000397          19,00 
01    02      0000000000398          19,00 
01    02      0000000000399          19,00 
01    02      0000000000400          19,00 
01    02      0000000000401           1,08 
01    02      0000000000402           1,08 
01    02      0000000000403           1,08 
01    02      0000000000404           1,08 
01    02      0000000000405           1,08 
01    02      0000000000406           1,08 
01    02      0000000000407           1,08 
01    02      0000000000408           1,08 
01    02      0000000000409           1,08 
01    02      0000000000410           1,08 
01    02      0000000000411           1,08 
01    02      0000000000412           1,08 
01    02      0000000000413           1,08 
01    02      0000000000414           1,08 
01    02      0000000000415           1,08 
01    02      0000000000416           1,08 
01    02      0000000000417           1,08 
01    02      0000000000418           1,08 
01    02      0000000000419           1,08 
01    02      0000000000420           1,08 
01    02      0000000000421           1,08 
01    02      0000000000422           1,08 
01    02      0000000000423           1,08 
01    02      0000000000424           1,08 
01    02      0000000000425           1,08 
01    02      0000000000426           1,08 
01    02      0000000000427           1,08 
01    02      0000000000428           1,08 
01    02      0000000000429           1,08 
01    02      0000000000430           1,08 
01    02      0000000000431           1,08 
01    02      0000000000432           1,08 
01    02      0000000000433           1,08 
01    02      0000000000434           1,08 
01    02      0000000000435           1,08 
01    02      0000000000436           1,08 
01    02      0000000000437           1,08 
01    02      0000000000438           1,08 
01    02      0000000000439           1,08 
01    02      0000000000440           1,08 
01    02      0000000000441           1,08 
01    02      0000000000442           1,08 
01    02      0000000000443           1,08 
01    02      0000000000444           1,08 
01    02      0000000000445           1,08 
01    02      0000000000446           1,08 
01    02      0000000000447           1,08 
01    02      0000000000448           1,08 
01    02      0000000000449           1,08 
01    02      0000000000450           1,08 
01    02      0000000000451           1,08 
01    02      0000000000452           1,08 
01    02      0000000000453           1,08 
01    02      0000000000454           1,08 
01    02      0000000000455           1,08 
01    02      0000000000456           1,08 
01    02      0000000000457           1,08 
01    02      0000000000458           1,08 
01    02      0000000000459           1,08 
01    02      0000000000460           1,08 
01    02      0000000000461           1,08 
01    02      0000000000462           1,08 
01    02      0000000000463           1,08 
01    02      0000000000464           1,08 
01    02      0000000000465           1,08 
01    02      0000000000466           1,08 
01    02      0000000000467           1,08 
01    02      0000000000468           1,08 
01    02      0000000000469           1,08 
01    02      0000000000470           1,08 
01    02      0000000000471           1,08 
01    02      0000000000472           1,08 
01    02      0000000000473           1,08 
01    02      0000000000474           1,08 
01    02      0000000000475           1,08 
01    02      0000000000476           1,08 
01    02      0000000000477           1,08 
01    02      0000000000478           1,08 
01    02      0000000000479           1,08 
01    02      0000000000480           1,08 
01    02      0000000000481           1,08 
01    02      0000000000482           1,08 
01    02      0000000000483           1,08 
01    02      0000000000484           1,08 
01    02      0000000000485           1,08 
01    02      0000000000486           1,08 
01    02      0000000000487           1,08 
01    02      0000000000488           1,08 
01    02      0000000000489           1,08 
01    02      0000000000490           1,08 
01    02      0000000000491           1,08 
01    02      0000000000492           1,08 
01    02      0000000000493           1,08 
01    02      0000000000494           1,08 
01    02      0000000000495           1,08 
01    02      0000000000496           1,08 
01    02      0000000000497           1,08 
01    02      0000000000498           1,08 
01    02      0000000000499           1,08 
01    02      0000000000500           1,08 
01    02      0000000000501           3,00 
01    02      0000000000502           3,00 
01    02      0000000000503           3,00 
01    02      0000000000504           3,00 
01    02      0000000000505           3,00 
01    02      0000000000506           3,00 
01    02      0000000000507           3,00 
01    02      0000000000508           3,00 
01    02      0000000000509           3,00 
01    02      0000000000510           3,00 
01    02      0000000000511           3,00 
01    02      0000000000512           3,00 
01    02      0000000000513           3,00 
01    02      0000000000514           3,00 
01    02      0000000000515           3,00 
01    02      0000000000516           3,00 
01    02      0000000000517           3,00 
01    02      0000000000518           3,00 
01    02      0000000000519           3,00 
01    02      0000000000520           3,00 
01    02      0000000000521           3,00 
01    02      0000000000522           3,00 
01    02      0000000000523           3,00 
01    02      0000000000524           3,00 
01    02      0000000000525           3,00 
01    02      0000000000526           3,00 
01    02      0000000000527           3,00 
01    02      0000000000528           3,00 
01    02      0000000000529           3,00 
01    02      0000000000530           3,00 
01    02      0000000000531           3,00 
01    02      0000000000532           3,00 
01    02      0000000000533           3,00 
01    02      0000000000534           3,00 
01    02      0000000000535           3,00 
01    02      0000000000536           3,00 
01    02      0000000000537           3,00 
01    02      0000000000538           3,00 
01    02      0000000000539           3,00 
01    02      0000000000540           3,00 
01    02      0000000000541           3,00 
01    02      0000000000542           3,00 
01    02      0000000000543           3,00 
01    02      0000000000544           3,00 
01    02      0000000000545           3,00 
01    02      0000000000546           3,00 
01    02      0000000000547           3,00 
01    02      0000000000548           3,00 
01    02      0000000000549           3,00 
01    02      0000000000550           3,00 
01    02      0000000000551           3,00 
01    02      0000000000552           3,00 
01    02      0000000000553           3,00 
01    02      0000000000554           3,00 
01    02      0000000000555           3,00 
01    02      0000000000556           3,00 
01    02      0000000000557           3,00 
01    02      0000000000558           3,00 
01    02      0000000000559           3,00 
01    02      0000000000560           3,00 
01    02      0000000000561           3,00 
01    02      0000000000562           3,00 
01    02      0000000000563           3,00 
01    02      0000000000564           3,00 
01    02      0000000000565           3,00 
01    02      0000000000566           3,00 
01    02      0000000000567           3,00 
01    02      0000000000568           3,00 
01    02      0000000000569           3,00 
01    02      0000000000570           3,00 
01    02      0000000000571           3,00 
01    02      0000000000572           3,00 
01    02      0000000000573           3,00 
01    02      0000000000574           3,00 
01    02      0000000000575           3,00 
01    02      0000000000576           3,00 
01    02      0000000000577           3,00 
01    02      0000000000578           3,00 
01    02      0000000000579           3,00 
01    02      0000000000580           3,00 
01    02      0000000000581           3,00 
01    02      0000000000582           3,00 
01    02      0000000000583           3,00 
01    02      0000000000584           3,00 
01    02      0000000000585           3,00 
01    02      0000000000586           3,00 
01    02      0000000000587           3,00 
01    02      0000000000588           3,00 
01    02      0000000000589           3,00 
01    02      0000000000590           3,00 
01    02      0000000000591           3,00 
01    02      0000000000592           3,00 
01    02      0000000000593           3,00 
01    02      0000000000594           3,00 
01    02      0000000000595           3,00 
01    02      0000000000596           3,00 
01    02      0000000000597           3,00 
01    02      0000000000598           3,00 
01    02      0000000000599           3,00 
01    02      0000000000600           3,00 
01    03      0000000000601           1,00 
01    03      0000000000602           1,00 
01    03      0000000000603           1,00 
01    03      0000000000604           1,00 
01    03      0000000000605           1,00 
01    03      0000000000606           1,00 
01    03      0000000000607           1,00 
01    03      0000000000608           1,00 
01    03      0000000000609           1,00 
01    03      0000000000610           1,00 
01    03      0000000000611           1,00 
01    03      0000000000612           1,00 
01    03      0000000000613           1,00 
01    03      0000000000614           1,00 
01    03      0000000000615           1,00 
01    03      0000000000616           1,00 
01    03      0000000000617           1,00 
01    03      0000000000618           1,00 
01    03      0000000000619           1,00 
01    03      0000000000620           1,00 
01    03      0000000000621           1,00 
01    03      0000000000622           1,00 
01    03      0000000000623           1,00 
01    03      0000000000624           1,00 
01    03      0000000000625           1,00 
01    03      0000000000626           1,00 
01    03      0000000000627           1,00 
01    03      0000000000628           1,00 
01    03      0000000000629           1,00 
01    03      0000000000630           1,00 
01    03      0000000000631           1,00 
01    03      0000000000632           1,00 
01    03      0000000000633           1,00 
01    03      0000000000634           1,00 
01    03      0000000000635           1,00 
01    03      0000000000636           1,00 
01    03      0000000000637           1,00 
01    03      0000000000638           1,00 
01    03      0000000000639           1,00 
01    03      0000000000640           1,00 
01    03      0000000000641           1,00 
01    03      0000000000642           1,00 
01    03      0000000000643           1,00 
01    03      0000000000644           1,00 
01    03      0000000000645           1,00 
01    03      0000000000646           1,00 
01    03      0000000000647           1,00 
01    03      0000000000648           1,00 
01    03      0000000000649           1,00 
01    03      0000000000650           1,00 
01    03      0000000000651           1,00 
01    03      0000000000652           1,00 
01    03      0000000000653           1,00 
01    03      0000000000654           1,00 
01    03      0000000000655           1,00 
01    03      0000000000656           1,00 
01    03      0000000000657           1,00 
01    03      0000000000658           1,00 
01    03      0000000000659           1,00 
01    03      0000000000660           1,00 
01    03      0000000000661           1,00 
01    03      0000000000662           1,00 
01    03      0000000000663           1,00 
01    03      0000000000664           1,00 
01    03      0000000000665           1,00 
01    03      0000000000666           1,00 
01    03      0000000000667           1,00 
01    03      0000000000668           1,00 
01    03      0000000000669           1,00 
01    03      0000000000670           1,00 
01    03      0000000000671           1,00 
01    03      0000000000672           1,00 
01    03      0000000000673           1,00 
01    03      0000000000674           1,00 
01    03      0000000000675           1,00 
01    03      0000000000676           1,00 
01    03      0000000000677           1,00 
01    03      0000000000678           1,00 
01    03      0000000000679           1,00 
01    03      0000000000680           1,00 
01    03      0000000000681           1,00 
01    03      0000000000682           1,00 
01    03      0000000000683           1,00 
01    03      0000000000684           1,00 
01    03      0000000000685           1,00 
01    03      0000000000686           1,00 
01    03      0000000000687           1,00 
01    03      0000000000688           1,00 
01    03      0000000000689           1,00 
01    03      0000000000690           1,00 
01    03      0000000000691           1,00 
01    03      0000000000692           1,00 
01    03      0000000000693           1,00 
01    03      0000000000694           1,00 
01    03      0000000000695           1,00 
01    03      0000000000696           1,00 
01    03      0000000000697           1,00 
01    03      0000000000698           1,00 
01    03      0000000000699           1,00 
01    03      0000000000700           1,00 
02    01      0000000000701           2,00 
02    01      0000000000702           2,00 
02    01      0000000000703           2,00 
02    01      0000000000704           2,00 
02    01      0000000000705           2,00 
02    01      0000000000706           2,00 
02    01      0000000000707           2,00 
02    01      0000000000708           2,00 
02    01      0000000000709           2,00 
02    01      0000000000710           2,00 
02    01      0000000000711           2,00 
02    01      0000000000712           2,00 
02    01      0000000000713           2,00 
02    01      0000000000714           2,00 
02    01      0000000000715           2,00 
02    01      0000000000716           2,00 
02    01      0000000000717           2,00 
02    01      0000000000718           2,00 
02    01      0000000000719           2,00 
02    01      0000000000720           2,00 
02    01      0000000000721           2,00 
02    01      0000000000722           2,00 
02    01      0000000000723           2,00 
02    01      0000000000724           2,00 
02    01      0000000000725           2,00 
02    01      0000000000726           2,00 
02    01      0000000000727           2,00 
02    01      0000000000728           2,00 
02    01      0000000000729           2,00 
02    01      0000000000730           2,00 
02    01      0000000000731           2,00 
02    01      0000000000732           2,00 
02    01      0000000000733           2,00 
02    01      0000000000734           2,00 
02    01      0000000000735           2,00 
02    01      0000000000736           2,00 
02    01      0000000000737           2,00 
02    01      0000000000738           2,00 
02    01      0000000000739           2,00 
02    01      0000000000740           2,00 
02    01      0000000000741           2,00 
02    01      0000000000742           2,00 
02    01      0000000000743           2,00 
02    01      0000000000744           2,00 
02    01      0000000000745           2,00 
02    01      0000000000746           2,00 
02    01      0000000000747           2,00 
02    01      0000000000748           2,00 
02    01      0000000000749           2,00 
02    01      0000000000750           2,00 
02    01      0000000000751           2,00 
02    01      0000000000752           2,00 
02    01      0000000000753           2,00 
02    01      0000000000754           2,00 
02    01      0000000000755           2,00 
02    01      0000000000756           2,00 
02    01      0000000000757           2,00 
02    01      0000000000758           2,00 
02    01      0000000000759           2,00 
02    01      0000000000760           2,00 
02    01      0000000000761           2,00 
02    01      0000000000762           2,00 
02    01      0000000000763           2,00 
02    01      0000000000764           2,00 
02    01      0000000000765           2,00 
02    01      0000000000766           2,00 
02    01      0000000000767           2,00 
02    01      0000000000768           2,00 
02    01      0000000000769           2,00 
02    01      0000000000770           2,00 
02    01      0000000000771           2,00 
02    01      0000000000772           2,00 
02    01      0000000000773           2,00 
02    01      0000000000774           2,00 
02    01      0000000000775           2,00 
02    01      0000000000776           2,00 
02    01      0000000000777           2,00 
02    01      0000000000778           2,00 
02    01      0000000000779           2,00 
02    01      0000000000780           2,00 
02    01      0000000000781           2,00 
02    01      0000000000782           2,00 
02    01      0000000000783           2,00 
02    01      0000000000784           2,00 
02    01      0000000000785           2,00 
02    01      0000000000786           2,00 
02    01      0000000000787           2,00 
02    01      0000000000788           2,00 
02    01      0000000000789           2,00 
02    01      0000000000790           2,00 
02    01      0000000000791           2,00 
02    01      0000000000792           2,00 
02    01      0000000000793           2,00 
02    01      0000000000794           2,00 
02    01      0000000000795           2,00 
02    01      0000000000796           2,00 
02    01      0000000000797           2,00 
02    01      0000000000798           2,00 
02    01      0000000000799           2,00 
02    01      0000000000800           2,00 
02    01      0000000000801           2,00 
02    01      0000000000802           2,00 
02    01      0000000000803           2,00 
02    01      0000000000804           2,00 
02    01      0000000000805           2,00 
02    01      0000000000806           2,00 
02    01      0000000000807           2,00 
02    01      0000000000808           2,00 
02    01      0000000000809           2,00 
02    01      0000000000810           2,00 
02    01      0000000000811           2,00 
02    01      0000000000812           2,00 
02    01      0000000000813           2,00 
02    01      0000000000814           2,00 
02    01      0000000000815           2,00 
02    01      0000000000816           2,00 
02    01      0000000000817           2,00 
02    01      0000000000818           2,00 
02    01      0000000000819           2,00 
02    01      0000000000820           2,00 
02    01      0000000000821           2,00 
02    01      0000000000822           2,00 
02    01      0000000000823           2,00 
02    01      0000000000824           2,00 
02    01      0000000000825           2,00 
02    01      0000000000826           2,00 
02    01      0000000000827           2,00 
02    01      0000000000828           2,00 
02    01      0000000000829           2,00 
02    01      0000000000830           2,00 
02    01      0000000000831           2,00 
02    01      0000000000832           2,00 
02    01      0000000000833           2,00 
02    01      0000000000834           2,00 
02    01      0000000000835           2,00 
02    01      0000000000836           2,00 
02    01      0000000000837           2,00 
02    01      0000000000838           2,00 
02    01      0000000000839           2,00 
02    01      0000000000840           2,00 
02    01      0000000000841           2,00 
02    01      0000000000842           2,00 
02    01      0000000000843           2,00 
02    01      0000000000844           2,00 
02    01      0000000000845           2,00 
02    01      0000000000846           2,00 
02    01      0000000000847           2,00 
02    01      0000000000848           2,00 
02    01      0000000000849           2,00 
02    01      0000000000850           2,00 
02    01      0000000000851           2,00 
02    01      0000000000852           2,00 
02    01      0000000000853           2,00 
02    01      0000000000854           2,00 
02    01      0000000000855           2,00 
02    01      0000000000856           2,00 
02    01      0000000000857           2,00 
02    01      0000000000858           2,00 
02    01      0000000000859           2,00 
02    01      0000000000860           2,00 
02    01      0000000000861           2,00 
02    01      0000000000862           2,00 
02    01      0000000000863           2,00 
02    01      0000000000864           2,00 
02    01      0000000000865           2,00 
02    01      0000000000866           2,00 
02    01      0000000000867           2,00 
02    01      0000000000868           2,00 
02    01      0000000000869           2,00 
02    01      0000000000870           2,00 
02    01      0000000000871           2,00 
02    01      0000000000872           2,00 
02    01      0000000000873           2,00 
02    01      0000000000874           2,00 
02    01      0000000000875           2,00 
02    01      0000000000876           2,00 
02    01      0000000000877           2,00 
02    01      0000000000878           2,00 
02    01      0000000000879           2,00 
02    01      0000000000880           2,00 
02    01      0000000000881           2,00 
02    01      0000000000882           2,00 
02    01      0000000000883           2,00 
02    01      0000000000884           2,00 
02    01      0000000000885           2,00 
02    01      0000000000886           2,00 
02    01      0000000000887           2,00 
02    01      0000000000888           2,00 
02    01      0000000000889           2,00 
02    01      0000000000890           2,00 
02    01      0000000000891           2,00 
02    01      0000000000892           2,00 
02    01      0000000000893           2,00 
02    01      0000000000894           2,00 
02    01      0000000000895           2,00 
02    01      0000000000896           2,00 
02    01      0000000000897           2,00 
02    01      0000000000898           2,00 
02    01      0000000000899           2,00 
02    01      0000000000900           2,00 
02    01      0000000000901           2,00 
02    01      0000000000902           2,00 
02    01      0000000000903           2,00 
02    01      0000000000904           2,00 
02    01      0000000000905           2,00 
02    01      0000000000906           2,00 
02    01      0000000000907           2,00 
02    01      0000000000908           2,00 
02    01      0000000000909           2,00 
02    01      0000000000910           2,00 
02    01      0000000000911           2,00 
02    01      0000000000912           2,00 
02    01      0000000000913           2,00 
02    01      0000000000914           2,00 
02    01      0000000000915           2,00 
02    01      0000000000916           2,00 
02    01      0000000000917           2,00 
02    01      0000000000918           2,00 
02    01      0000000000919           2,00 
02    01      0000000000920           2,00 
02    01      0000000000921           2,00 
02    01      0000000000922           2,00 
02    01      0000000000923           2,00 
02    01      0000000000924           2,00 
02    01      0000000000925           2,00 
02    01      0000000000926           2,00 
02    01      0000000000927           2,00 
02    01      0000000000928           2,00 
02    01      0000000000929           2,00 
02    01      0000000000930           2,00 
02    01      0000000000931           2,00 
02    01      0000000000932           2,00 
02    01      0000000000933           2,00 
02    01      0000000000934           2,00 
02    01      0000000000935           2,00 
02    01      0000000000936           2,00 
02    01      0000000000937           2,00 
02    01      0000000000938           2,00 
02    01      0000000000939           2,00 
02    01      0000000000940           2,00 
02    01      0000000000941           2,00 
02    01      0000000000942           2,00 
02    01      0000000000943           2,00 
02    01      0000000000944           2,00 
02    01      0000000000945           2,00 
02    01      0000000000946           2,00 
02    01      0000000000947           2,00 
02    01      0000000000948           2,00 
02    01      0000000000949           2,00 
02    01      0000000000950           2,00 
02    01      0000000000951           2,00 
02    01      0000000000952           2,00 
02    01      0000000000953           2,00 
02    01      0000000000954           2,00 
02    01      0000000000955           2,00 
02    01      0000000000956           2,00 
02    01      0000000000957           2,00 
02    01      0000000000958           2,00 
02    01      0000000000959           2,00 
02    01      0000000000960           2,00 
02    01      0000000000961           2,00 
02    01      0000000000962           2,00 
02    01      0000000000963           2,00 
02    01      0000000000964           2,00 
02    01      0000000000965           2,00 
02    01      0000000000966           2,00 
02    01      0000000000967           2,00 
02    01      0000000000968           2,00 
02    01      0000000000969           2,00 
02    01      0000000000970           2,00 
02    01      0000000000971           2,00 
02    01      0000000000972           2,00 
02    01      0000000000973           2,00 
02    01      0000000000974           2,00 
02    01      0000000000975           2,00 
02    01      0000000000976           2,00 
02    01      0000000000977           2,00 
02    01      0000000000978           2,00 
02    01      0000000000979           2,00 
02    01      0000000000980           2,00 
02    01      0000000000981           2,00 
02    01      0000000000982           2,00 
02    01      0000000000983           2,00 
02    01      0000000000984           2,00 
02    01      0000000000985           2,00 
02    01      0000000000986           2,00 
02    01      0000000000987           2,00 
02    01      0000000000988           2,00 
02    01      0000000000989           2,00 
02    01      0000000000990           2,00 
02    01      0000000000991           2,00 
02    01      0000000000992           2,00 
02    01      0000000000993           2,00 
02    01      0000000000994           2,00 
02    01      0000000000995           2,00 
02    01      0000000000996           2,00 
02    01      0000000000997           2,00 
02    01      0000000000998           2,00 
02    01      0000000000999           2,00 
02    01      0000000001000           2,00 
02    01      0000000001001           2,00 
02    01      0000000001002           2,00 
02    01      0000000001003           2,00 
02    01      0000000001004           2,00 
02    01      0000000001005           2,00 
02    01      0000000001006           2,00 
02    01      0000000001007           2,00 
02    01      0000000001008           2,00 
02    01      0000000001009           2,00 
02    01      0000000001010           2,00 
02    01      0000000001011           2,00 
02    01      0000000001012           2,00 
02    01      0000000001013           2,00 
02    01      0000000001014           2,00 
02    01      0000000001015           2,00 
02    01      0000000001016           2,00 
02    01      0000000001017           2,00 
02    01      0000000001018           2,00 
02    01      0000000001019           2,00 
02    01      0000000001020           2,00 
02    01      0000000001021           2,00 
02    01      0000000001022           2,00 
02    01      0000000001023           2,00 
02    01      0000000001024           2,00 
02    01      0000000001025           2,00 
02    01      0000000001026           2,00 
02    01      0000000001027           2,00 
02    01      0000000001028           2,00 
02    01      0000000001029           2,00 
02    01      0000000001030           2,00 
02    01      0000000001031           2,00 
02    01      0000000001032           2,00 
02    01      0000000001033           2,00 
02    01      0000000001034           2,00 
02    01      0000000001035           2,00 
02    01      0000000001036           2,00 
02    01      0000000001037           2,00 
02    01      0000000001038           2,00 
02    01      0000000001039           2,00 
02    01      0000000001040           2,00 
02    01      0000000001041           2,00 
02    01      0000000001042           2,00 
02    01      0000000001043           2,00 
02    01      0000000001044           2,00 
02    01      0000000001045           2,00 
02    01      0000000001046           2,00 
02    01      0000000001047           2,00 
02    01      0000000001048           2,00 
02    01      0000000001049           2,00 
02    01      0000000001050           2,00 
02    01      0000000001051           2,00 
02    01      0000000001052           2,00 
02    01      0000000001053           2,00 
02    01      0000000001054           2,00 
02    01      0000000001055           2,00 
02    01      0000000001056           2,00 
02    01      0000000001057           2,00 
02    01      0000000001058           2,00 
02    01      0000000001059           2,00 
02    01      0000000001060           2,00 
02    01      0000000001061           2,00 
02    01      0000000001062           2,00 
02    01      0000000001063           2,00 
02    01      0000000001064           2,00 
02    01      0000000001065           2,00 
02    01      0000000001066           2,00 
02    01      0000000001067           2,00 
02    01      0000000001068           2,00 
02    01      0000000001069           2,00 
02    01      0000000001070           2,00 
02    01      0000000001071           2,00 
02    01      0000000001072           2,00 
02    01      0000000001073           2,00 
02    01      0000000001074           2,00 
02    01      0000000001075           2,00 
02    01      0000000001076           2,00 
02    01      0000000001077           2,00 
02    01      0000000001078           2,00 
02    01      0000000001079           2,00 
02    01      0000000001080           2,00 
02    01      0000000001081           2,00 
02    01      0000000001082           2,00 
02    01      0000000001083           2,00 
02    01      0000000001084           2,00 
02    01      0000000001085           2,00 
02    01      0000000001086           2,00 
02    01      0000000001087           2,00 
02    01      0000000001088           2,00 
02    01      0000000001089           2,00 
02    01      0000000001090           2,00 
02    01      0000000001091           2,00 
02    01      0000000001092           2,00 
02    01      0000000001093           2,00 
02    01      0000000001094           2,00 
02    01      0000000001095           2,00 
02    01      0000000001096           2,00 
02    01      0000000001097           2,00 
02    01      0000000001098           2,00 
02    01      0000000001099           2,00 
02    01      0000000001100           2,00 
02    02      0000000001101           2,00 
02    02      0000000001102           2,00 
02    02      0000000001103           2,00 
02    02      0000000001104           2,00 
02    02      0000000001105           2,00 
02    02      0000000001106           2,00 
02    02      0000000001107           2,00 
02    02      0000000001108           2,00 
02    02      0000000001109           2,00 
02    02      0000000001110           2,00 
02    02      0000000001111           2,00 
02    02      0000000001112           2,00 
02    02      0000000001113           2,00 
02    02      0000000001114           2,00 
02    02      0000000001115           2,00 
02    02      0000000001116           2,00 
02    02      0000000001117           2,00 
02    02      0000000001118           2,00 
02    02      0000000001119           2,00 
02    02      0000000001120           2,00 
02    02      0000000001121           2,00 
02    02      0000000001122           2,00 
02    02      0000000001123           2,00 
02    02      0000000001124           2,00 
02    02      0000000001125           2,00 
02    02      0000000001126           2,00 
02    02      0000000001127           2,00 
02    02      0000000001128           2,00 
02    02      0000000001129           2,00 
02    02      0000000001130           2,00 
02    02      0000000001131           2,00 
02    02      0000000001132           2,00 
02    02      0000000001133           2,00 
02    02      0000000001134           2,00 
02    02      0000000001135           2,00 
02    02      0000000001136           2,00 
02    02      0000000001137           2,00 
02    02      0000000001138           2,00 
02    02      0000000001139           2,00 
02    02      0000000001140           2,00 
02    02      0000000001141           2,00 
02    02      0000000001142           2,00 
02    02      0000000001143           2,00 
02    02      0000000001144           2,00 
02    02      0000000001145           2,00 
02    02      0000000001146           2,00 
02    02      0000000001147           2,00 
02    02      0000000001148           2,00 
02    02      0000000001149           2,00 
02    02      0000000001150           2,00 
02    02      0000000001151           2,00 
02    02      0000000001152           2,00 
02    02      0000000001153           2,00 
02    02      0000000001154           2,00 
02    02      0000000001155           2,00 
02    02      0000000001156           2,00 
02    02      0000000001157           2,00 
02    02      0000000001158           2,00 
02    02      0000000001159           2,00 
02    02      0000000001160           2,00 
02    02      0000000001161           2,00 
02    02      0000000001162           2,00 
02    02      0000000001163           2,00 
02    02      0000000001164           2,00 
02    02      0000000001165           2,00 
02    02      0000000001166           2,00 
02    02      0000000001167           2,00 
02    02      0000000001168           2,00 
02    02      0000000001169           2,00 
02    02      0000000001170           2,00 
02    02      0000000001171           2,00 
02    02      0000000001172           2,00 
02    02      0000000001173           2,00 
02    02      0000000001174           2,00 
02    02      0000000001175           2,00 
02    02      0000000001176           2,00 
02    02      0000000001177           2,00 
02    02      0000000001178           2,00 
02    02      0000000001179           2,00 
02    02      0000000001180           2,00 
02    02      0000000001181           2,00 
02    02      0000000001182           2,00 
02    02      0000000001183           2,00 
02    02      0000000001184           2,00 
02    02      0000000001185           2,00 
02    02      0000000001186           2,00 
02    02      0000000001187           2,00 
02    02      0000000001188           2,00 
02    02      0000000001189           2,00 
02    02      0000000001190           2,00 
02    02      0000000001191           2,00 
02    02      0000000001192           2,00 
02    02      0000000001193           2,00 
02    02      0000000001194           2,00 
02    02      0000000001195           2,00 
02    02      0000000001196           2,00 
02    02      0000000001197           2,00 
02    02      0000000001198           2,00 
02    02      0000000001199           2,00 
02    02      0000000001200           2,00 
02    02      0000000001201           2,00 
02    02      0000000001202           2,00 
02    02      0000000001203           2,00 
02    02      0000000001204           2,00 
02    02      0000000001205           2,00 
02    02      0000000001206           2,00 
02    02      0000000001207           2,00 
02    02      0000000001208           2,00 
02    02      0000000001209           2,00 
02    02      0000000001210           2,00 
02    02      0000000001211           2,00 
02    02      0000000001212           2,00 
02    02      0000000001213           2,00 
02    02      0000000001214           2,00 
02    02      0000000001215           2,00 
02    02      0000000001216           2,00 
02    02      0000000001217           2,00 
02    02      0000000001218           2,00 
02    02      0000000001219           2,00 
02    02      0000000001220           2,00 
02    02      0000000001221           2,00 
02    02      0000000001222           2,00 
02    02      0000000001223           2,00 
02    02      0000000001224           2,00 
02    02      0000000001225           2,00 
02    02      0000000001226           2,00 
02    02      0000000001227           2,00 
02    02      0000000001228           2,00 
02    02      0000000001229           2,00 
02    02      0000000001230           2,00 
02    02      0000000001231           2,00 
02    02      0000000001232           2,00 
02    02      0000000001233           2,00 
02    02      0000000001234           2,00 
02    02      0000000001235           2,00 
02    02      0000000001236           2,00 
02    02      0000000001237           2,00 
02    02      0000000001238           2,00 
02    02      0000000001239           2,00 
02    02      0000000001240           2,00 
02    02      0000000001241           2,00 
02    02      0000000001242           2,00 
02    02      0000000001243           2,00 
02    02      0000000001244           2,00 
02    02      0000000001245           2,00 
02    02      0000000001246           2,00 
02    02      0000000001247           2,00 
02    02      0000000001248           2,00 
02    02      0000000001249           2,00 
02    02      0000000001250           2,00 
02    02      0000000001251           2,00 
02    02      0000000001252           2,00 
02    02      0000000001253           2,00 
02    02      0000000001254           2,00 
02    02      0000000001255           2,00 
02    02      0000000001256           2,00 
02    02      0000000001257           2,00 
02    02      0000000001258           2,00 
02    02      0000000001259           2,00 
02    02      0000000001260           2,00 
02    02      0000000001261           2,00 
02    02      0000000001262           2,00 
02    02      0000000001263           2,00 
02    02      0000000001264           2,00 
02    02      0000000001265           2,00 
02    02      0000000001266           2,00 
02    02      0000000001267           2,00 
02    02      0000000001268           2,00 
02    02      0000000001269           2,00 
02    02      0000000001270           2,00 
02    02      0000000001271           2,00 
02    02      0000000001272           2,00 
02    02      0000000001273           2,00 
02    02      0000000001274           2,00 
02    02      0000000001275           2,00 
02    02      0000000001276           2,00 
02    02      0000000001277           2,00 
02    02      0000000001278           2,00 
02    02      0000000001279           2,00 
02    02      0000000001280           2,00 
02    02      0000000001281           2,00 
02    02      0000000001282           2,00 
02    02      0000000001283           2,00 
02    02      0000000001284           2,00 
02    02      0000000001285           2,00 
02    02      0000000001286           2,00 
02    02      0000000001287           2,00 
02    02      0000000001288           2,00 
02    02      0000000001289           2,00 
02    02      0000000001290           2,00 
02    02      0000000001291           2,00 
02    02      0000000001292           2,00 
02    02      0000000001293           2,00 
02    02      0000000001294           2,00 
02    02      0000000001295           2,00 
02    02      0000000001296           2,00 
02    02      0000000001297           2,00 
02    02      0000000001298           2,00 
02    02      0000000001299           2,00 
02    02      0000000001300           2,00 
02    02      0000000001301           2,00 
02    02      0000000001302           2,00 
02    02      0000000001303           2,00 
02    02      0000000001304           2,00 
02    02      0000000001305           2,00 
02    02      0000000001306           2,00 
02    02      0000000001307           2,00 
02    02      0000000001308           2,00 
02    02      0000000001309           2,00 
02    02      0000000001310           2,00 
02    02      0000000001311           2,00 
02    02      0000000001312           2,00 
02    02      0000000001313           2,00 
02    02      0000000001314           2,00 
02    02      0000000001315           2,00 
02    02      0000000001316           2,00 
02    02      0000000001317           2,00 
02    02      0000000001318           2,00 
02    02      0000000001319           2,00 
02    02      0000000001320           2,00 
02    02      0000000001321           2,00 
02    02      0000000001322           2,00 
02    02      0000000001323           2,00 
02    02      0000000001324           2,00 
02    02      0000000001325           2,00 
02    02      0000000001326           2,00 
02    02      0000000001327           2,00 
02    02      0000000001328           2,00 
02    02      0000000001329           2,00 
02    02      0000000001330           2,00 
02    02      0000000001331           2,00 
02    02      0000000001332           2,00 
02    02      0000000001333           2,00 
02    02      0000000001334           2,00 
02    02      0000000001335           2,00 
02    02      0000000001336           2,00 
02    02      0000000001337           2,00 
02    02      0000000001338           2,00 
02    02      0000000001339           2,00 
02    02      0000000001340           2,00 
02    02      0000000001341           2,00 
02    02      0000000001342           2,00 
02    02      0000000001343           2,00 
02    02      0000000001344           2,00 
02    02      0000000001345           2,00 
02    02      0000000001346           2,00 
02    02      0000000001347           2,00 
02    02      0000000001348           2,00 
02    02      0000000001349           2,00 
02    02      0000000001350           2,00 
02    02      0000000001351           2,00 
02    02      0000000001352           2,00 
02    02      0000000001353           2,00 
02    02      0000000001354           2,00 
02    02      0000000001355           2,00 
02    02      0000000001356           2,00 
02    02      0000000001357           2,00 
02    02      0000000001358           2,00 
02    02      0000000001359           2,00 
02    02      0000000001360           2,00 
02    02      0000000001361           2,00 
02    02      0000000001362           2,00 
02    02      0000000001363           2,00 
02    02      0000000001364           2,00 
02    02      0000000001365           2,00 
02    02      0000000001366           2,00 
02    02      0000000001367           2,00 
02    02      0000000001368           2,00 
02    02      0000000001369           2,00 
02    02      0000000001370           2,00 
02    02      0000000001371           2,00 
02    02      0000000001372           2,00 
02    02      0000000001373           2,00 
02    02      0000000001374           2,00 
02    02      0000000001375           2,00 
02    02      0000000001376           2,00 
02    02      0000000001377           2,00 
02    02      0000000001378           2,00 
02    02      0000000001379           2,00 
02    02      0000000001380           2,00 
02    02      0000000001381           2,00 
02    02      0000000001382           2,00 
02    02      0000000001383           2,00 
02    02      0000000001384           2,00 
02    02      0000000001385           2,00 
02    02      0000000001386           2,00 
02    02      0000000001387           2,00 
02    02      0000000001388           2,00 
02    02      0000000001389           2,00 
02    02      0000000001390           2,00 
02    02      0000000001391           2,00 
02    02      0000000001392           2,00 
02    02      0000000001393           2,00 
02    02      0000000001394           2,00 
02    02      0000000001395           2,00 
02    02      0000000001396           2,00 
02    02      0000000001397           2,00 
02    02      0000000001398           2,00 
02    02      0000000001399           2,00 
02    02      0000000001400           2,00 
02    02      0000000001401           2,00 
02    02      0000000001402           2,00 
02    02      0000000001403           2,00 
02    02      0000000001404           2,00 
02    02      0000000001405           2,00 
02    02      0000000001406           2,00 
02    02      0000000001407           2,00 
02    02      0000000001408           2,00 
02    02      0000000001409           2,00 
02    02      0000000001410           2,00 
02    02      0000000001411           2,00 
02    02      0000000001412           2,00 
02    02      0000000001413           2,00 
02    02      0000000001414           2,00 
02    02      0000000001415           2,00 
02    02      0000000001416           2,00 
02    02      0000000001417           2,00 
02    02      0000000001418           2,00 
02    02      0000000001419           2,00 
02    02      0000000001420           2,00 
02    02      0000000001421           2,00 
02    02      0000000001422           2,00 
02    02      0000000001423           2,00 
02    02      0000000001424           2,00 
02    02      0000000001425           2,00 
02    02      0000000001426           2,00 
02    02      0000000001427           2,00 
02    02      0000000001428           2,00 
02    02      0000000001429           2,00 
02    02      0000000001430           2,00 
02    02      0000000001431           2,00 
02    02      0000000001432           2,00 
02    02      0000000001433           2,00 
02    02      0000000001434           2,00 
02    02      0000000001435           2,00 
02    02      0000000001436           2,00 
02    02      0000000001437           2,00 
02    02      0000000001438           2,00 
02    02      0000000001439           2,00 
02    02      0000000001440           2,00 
02    02      0000000001441           2,00 
02    02      0000000001442           2,00 
02    02      0000000001443           2,00 
02    02      0000000001444           2,00 
02    02      0000000001445           2,00 
02    02      0000000001446           2,00 
02    02      0000000001447           2,00 
02    02      0000000001448           2,00 
02    02      0000000001449           2,00 
02    02      0000000001450           2,00 
02    02      0000000001451           2,00 
02    02      0000000001452           2,00 
02    02      0000000001453           2,00 
02    02      0000000001454           2,00 
02    02      0000000001455           2,00 
02    02      0000000001456           2,00 
02    02      0000000001457           2,00 
02    02      0000000001458           2,00 
02    02      0000000001459           2,00 
02    02      0000000001460           2,00 
02    02      0000000001461           2,00 
02    02      0000000001462           2,00 
02    02      0000000001463           2,00 
02    02      0000000001464           2,00 
02    02      0000000001465           2,00 
02    02      0000000001466           2,00 
02    02      0000000001467           2,00 
02    02      0000000001468           2,00 
02    02      0000000001469           2,00 
02    02      0000000001470           2,00 
02    02      0000000001471           2,00 
02    02      0000000001472           2,00 
02    02      0000000001473           2,00 
02    02      0000000001474           2,00 
02    02      0000000001475           2,00 
02    02      0000000001476           2,00 
02    02      0000000001477           2,00 
02    02      0000000001478           2,00 
02    02      0000000001479           2,00 
02    02      0000000001480           2,00 
02    02      0000000001481           2,00 
02    02      0000000001482           2,00 
02    02      0000000001483           2,00 
02    02      0000000001484           2,00 
02    02      0000000001485           2,00 
02    02      0000000001486           2,00 
02    02      0000000001487           2,00 
02    02      0000000001488           2,00 
02    02      0000000001489           2,00 
02    02      0000000001490           2,00 
02    02      0000000001491           2,00 
02    02      0000000001492           2,00 
02    02      0000000001493           2,00 
02    02      0000000001494           2,00 
02    02      0000000001495           2,00 
02    02      0000000001496           2,00 
02    02      0000000001497           2,00 
02    02      0000000001498           2,00 
02    02      0000000001499           2,00 
02    02      0000000001500           2,00 
02    02      0000000001501           2,00 
02    02      0000000001502           2,00 
02    02      0000000001503           2,00 
02    02      0000000001504           2,00 
02    02      0000000001505           2,00 
02    02      0000000001506           2,00 
02    02      0000000001507           2,00 
02    02      0000000001508           2,00 
02    02      0000000001509           2,00 
02    02      0000000001510           2,00 
02    02      0000000001511           2,00 
02    02      0000000001512           2,00 
02    02      0000000001513           2,00 
02    02      0000000001514           2,00 
02    02      0000000001515           2,00 
02    02      0000000001516           2,00 
02    02      0000000001517           2,00 
02    02      0000000001518           2,00 
02    02      0000000001519           2,00 
02    02      0000000001520           2,00 
02    02      0000000001521           2,00 
02    02      0000000001522           2,00 
02    02      0000000001523           2,00 
02    02      0000000001524           2,00 
02    02      0000000001525           2,00 
02    02      0000000001526           2,00 
02    02      0000000001527           2,00 
02    02      0000000001528           2,00 
02    02      0000000001529           2,00 
02    02      0000000001530           2,00 
02    02      0000000001531           2,00 
02    02      0000000001532           2,00 
02    02      0000000001533           2,00 
02    02      0000000001534           2,00 
02    02      0000000001535           2,00 
02    02      0000000001536           2,00 
02    02      0000000001537           2,00 
02    02      0000000001538           2,00 
02    02      0000000001539           2,00 
02    02      0000000001540           2,00 
02    02      0000000001541           2,00 
02    02      0000000001542           2,00 
02    02      0000000001543           2,00 
02    02      0000000001544           2,00 
02    02      0000000001545           2,00 
02    02      0000000001546           2,00 
02    02      0000000001547           2,00 
02    02      0000000001548           2,00 
02    02      0000000001549           2,00 
02    02      0000000001550           2,00 
02    02      0000000001551           2,00 
02    02      0000000001552           2,00 
02    02      0000000001553           2,00 
02    02      0000000001554           2,00 
02    02      0000000001555           2,00 
02    02      0000000001556           2,00 
02    02      0000000001557           2,00 
02    02      0000000001558           2,00 
02    02      0000000001559           2,00 
02    02      0000000001560           2,00 
02    02      0000000001561           2,00 
02    02      0000000001562           2,00 
02    02      0000000001563           2,00 
02    02      0000000001564           2,00 
02    02      0000000001565           2,00 
02    02      0000000001566           2,00 
02    02      0000000001567           2,00 
02    02      0000000001568           2,00 
02    02      0000000001569           2,00 
02    02      0000000001570           2,00 
02    02      0000000001571           2,00 
02    02      0000000001572           2,00 
02    02      0000000001573           2,00 
02    02      0000000001574           2,00 
02    02      0000000001575           2,00 
02    02      0000000001576           2,00 
02    02      0000000001577           2,00 
02    02      0000000001578           2,00 
02    02      0000000001579           2,00 
02    02      0000000001580           2,00 
02    02      0000000001581           2,00 
02    02      0000000001582           2,00 
02    02      0000000001583           2,00 
02    02      0000000001584           2,00 
02    02      0000000001585           2,00 
02    02      0000000001586           2,00 
02    02      0000000001587           2,00 
02    02      0000000001588           2,00 
02    02      0000000001589           2,00 
02    02      0000000001590           2,00 
02    02      0000000001591           2,00 
02    02      0000000001592           2,00 
02    02      0000000001593           2,00 
02    02      0000000001594           2,00 
02    02      0000000001595           2,00 
02    02      0000000001596           2,00 
02    02      0000000001597           2,00 
02    02      0000000001598           2,00 
02    02      0000000001599           2,00 
02    02      0000000001600           2,00 
