
Seskupování hodnot podle závodů a skladů - masky

Středa, 16. prosince 2015 12:13:01

ZAVOD   SKLAD        SOUCET        PRUMER           MIN       MAXIMUM   
01      01      0006967,990          2322             8          6500   
01      02      0006751,250          2250             1          6500   
01      03      0000001,250             1             1             1   
01      -       0013720,490          1960             1          6500   
02      01      0003661,100          1220            21          3400   
02      02      0007930,000          1982           112          7000   
02      -       0011591,100          1655            21          7000   
-       -       0025311,590          1807             1          7000   
