
Stavy, součty za sklad a závod a celkem

Středa, 16. prosince 2015 11:26:28

ZAVOD   SKLAD                            MNOZSTVI   PRUMER_MNOZ    PRUMER_CEL        SOUCET           MIN       MAXIMUM   
01      01                                   3,00          1,00       2322,66       6967,99          8,99          6500   
01      02                                   3,00          1,00       2250,41       6751,25          1,25          6500   
01      03                                   1,00          1,00          1,25          1,25          1,25             1   
01      -                                    7,00          1,00       1960,07      13720,49          1,25          6500   
02      01                                   6,00          2,00       1220,36       3661,10         21,10          3400   
02      02                                   8,00          2,00       1982,50       7930,00        112,00          7000   
02      -                                   14,00          2,00       1655,87      11591,10         21,10          7000   
-       -                                   21,00          1,50       1807,97      25311,59          1,25          7000   
