
UserDoc 

Sobota, 5. prosince 2015 9:32:38

ZAVOD   SKLAD        SOUCET        PRUMER           MIN       MAXIMUM   
01      01          6967,99          2322             8          6500   
01      02          6751,25          2250             1          6500   
01      03             1,25             1             1             1   
01      -          13720,49          1960             1          6500   
02      01          3661,10          1220            21          3400   
02      02          7930,00          1982           112          7000   
02      -          11591,10          1655            21          7000   
-       -          25311,59          1807             1          7000   
