
Sumarizace zboží (CENY4) podle skladů a závodů - UTF-8

Úterý, 24. dubna 2018 11:05:10

  §§§ Závod 4x:    01, 01, 01, 01.              §§§ 
  §§§ Název zboží: Koňak Gruzínský                                ,  Sklad: 01. §§§ 
 
      Č.zboží         Cena/j.     Množství     Cena celkem  
      =======         =======     ========     ===========  
                                                            
      00010             65 00        -0 07        -4 55 00  
      00002              4 59         0 01            4 59  
      00001              0 09        15 79         1 41 99  

   .Sklad -----01--01------ 
  SUM                                15 73        -3 08 42  
  AVG                                 5 24        -1 02 81  
  MAX 00010                          15 79         1 41 99  
  MIN 00001                          -0 07        -4 55 00  
COUNT 3                                  3               3  

      00010             65 00         0 03         1 95 00  
      00009              2 50         0 01            2 70  
      00003              0 01         0 19            0 24  

   .Sklad -----01--02------ 
  SUM                                 0 23         1 97 94  
  AVG                                 0 08           65 98  
  MAX 00010                           0 19         1 95 00  
  MIN 00003                           0 01            0 24  
COUNT 3                                  3               3  

      00003              0 01         0 01            0 01  

   .Sklad -----01--03------ 
  SUM                                 0 01            0 01  
  AVG                                 0 01            0 01  
  MAX 00003                           0 01            0 01  
  MIN 00003                           0 01            0 01  
COUNT 1                                  1               1  

   .Závod =====01========== 
  SUM                                15 98        -1 10 47  
  AVG                                 2 28          -15 78  
  MAX 00010                          15 79         1 95 00  
  MIN 00001                          -0 07        -4 55 00  
COUNT 7                                  7               7  

      00008             17 00         0 02           34 00  
      00006              0 11         0 02            0 21  
      00005              1 20         0 02            2 40  

   .Sklad -----02--01------ 
  SUM                                 0 06           36 61  
  AVG                                 0 02           12 20  
  MAX 00008                           0 02           34 00  
  MIN 00005                           0 02            0 21  
COUNT 3                                  3               3  

      00018              0 56         0 02            1 12  
      00014             35 00         0 02           70 00  
      00011              1 59         0 02            3 18  
      00009              2 50         0 02            5 00  

   .Sklad -----02--02------ 
  SUM                                 0 08           79 30  
  AVG                                 0 02           19 82  
  MAX 00018                           0 02           70 00  
  MIN 00009                           0 02            1 12  
COUNT 4                                  4               4  

   .Závod =====02========== 
  SUM                                 0 14         1 15 91  
  AVG                                 0 02           16 56  
  MAX 00018                           0 02           70 00  
  MIN 00005                           0 02            0 21  
COUNT 7                                  7               7  

   .Celkem ****************
  SUM                                16 12            5 44  
  AVG                                 1 15            0 39  
  MAX 00018                          15 79         1 95 00  
  MIN 00001                          -0 07        -4 55 00  
COUNT 14                                14              14  
