
Zboží podle skladů a závodů

Tuesday, April 3, 2018 5:04:02 PM

ZAVOD     SKLAD     CZBOZI                 CJ        MNOZSTVI             CELKEM     
01        01        00001            0008.990            1579     00014199.20156     
                    00002            0459.000              01     00000459.00000     
                    00010            6500.000             -07     -00045500.00000     
          02        00003            0001.250              19     00000023.75000     
                    00009            0250.000              01     00000270.00000     
                    00010            6500.000              03     00019500.00000     
          03        00003            0001.250              01     00000001.25000     

                                                                  -00011046.79844     

02        01        00005            0120.000              02     00000240.00000     
                    00006            0010.550              02     00000021.10000     
                    00008            1700.000              02     00003400.00000     
          02        00009            0250.000              02     00000500.00000     
                    00011            0159.000              02     00000318.00000     
                    00014            3500.000              02     00007000.00000     
                    00018            0056.000              02     00000112.00000     

                                                                  00011591.10000     


                                                                  00000544.30156     
